# Created by Octave 2.1.71, Mon Apr 24 16:09:11 2006 BST <martin@penpen>
# name: elastic
# type: matrix
# rows: 266
# columns: 9
 0 22.5 0 0 0 0 0 0.001792180283989 0.01
 0.01 22.3669041876396 0 0 3.090504569778e-05 0 0 0.001792180271849 0.01274075415
 0.022740754152219 21.8143914097889 0 0 7.000521433614e-05 0 0 0.001792180257381 0.01288481769
 0.035625571840536 20.8292203991775 0 0 0.00010884753965187 0 0 0.001792180241697 0.01293900128
 0.048564573118594 19.4269925698428 0 0 0.00014662471487643 0 0 0.001792180226947 0.01294270542
 0.061507278536464 17.6371482044782 0 0 0.00018252178584471 0 0 0.001792180217032 0.01273953927
 0.074246817810919 15.5306882313384 0 0 0.00021522971283672 0 0 0.001792180215048 0.0118570295
 0.086103847315236 13.297850515175 0 0 0.00024256148940444 0 0 0.001792180217665 0.01111829127
 0.097222138584804 10.9991415492675 0 0 0.0002647844749236 0 0 0.001792180222623 0.01047704312
 0.107699181701598 8.68230954510381 0 0 0.00028215158411169 0 0 0.001792180228322 0.00986502532
 0.117564207021664 6.39492494381556 0 0 0.00029490981198855 0 0 0.001792180233657 0.00923372188
 0.126797928902821 4.1850835688733 0 0 0.00030339948327072 0 0 0.001792180236522 0.00767407363
 0.135330143711138 2.3145772380698 0 0 0.00030776775257463 0 0 0.001792180238346 0.00649421294
 0.142240539069123 0.718187825981514 0 0 0.00030949892935212 0 0 0.001792180238893 0.00277046043
 0.143736675907568 0.0355647509393005 0 0 0.00030968263647522 0 0 0.001792180238909 8.170058e-05
 0.14381837648259 0.0154306407174186 0 0 0.00030968300301207 0 0 0.001792180238921 6.297517e-05
 0.143881351652072 -8.88293936574295e-05 0 0 0.00030968308800987 0 0 0.001792180238885 3.295e-07
 0.143881681156478 -8.88293936574295e-05 -8.11983175691751e-05 0 -9.3e-16 0.00030968308801107 0 0.001792180238885 3.295e-07
 0.143882010660884 -8.88293936574295e-05 -8.11983175691751e-05 0 -5.4e-15 -3.78e-15 0 0.001792180238885 3.6327e-07
 0.143882373935867 -8.88293936574295e-05 -8.11983175691751e-05 0 -1.032e-14 -8.28e-15 0 0.001792180238885 3.6327e-07
 0.14388273721085 -8.88293936574295e-05 -8.11983175691751e-05 -8.95282531473811e-05 -1.527e-14 -1.278e-14 0.00030968308800399 0.001792180238885 7.2655e-07
 0.143883463760816 -8.88293936574295e-05 -8.11983175691751e-05 -0.000268573903366562 -2.511e-14 -2.178e-14 0.0003096830879811 0.001792180238885 1.4531e-06
 0.143884916860749 -8.88293936574295e-05 -8.11983175691751e-05 -0.000626672764302804 -4.482e-14 -3.981e-14 0.00030968308786665 0.001792180238885 2.9062e-06
 0.143887823060614 -8.88293936574295e-05 -8.11983175691751e-05 -0.00134287141673501 -8.424e-14 -7.584e-14 0.00030968308736307 0.001792180238885 5.8124e-06
 0.143893635460344 -8.88293936574295e-05 -8.11983175691751e-05 -0.00277526684940424 -1.6308e-13 -1.4793e-13 0.00030968308525728 0.001792180238885 1.16248e-05
 0.143905260259804 -8.88293936574295e-05 -8.11983175691751e-05 -0.00564005921048049 -3.2079e-13 -2.9208e-13 0.00030968307665094 0.001792180238885 2.32496e-05
 0.143928509858723 -8.88293936574295e-05 -8.11983175691751e-05 -0.0113696426634725 -6.3615e-13 -5.8035e-13 0.0003096830418594 0.001792180238885 4.64992e-05
 0.143975009056563 -8.88293936574295e-05 -8.11983175691751e-05 -0.0228288072418129 -1.2669e-12 -1.15695e-12 0.00030968290196073 0.001792180238885 9.29984e-05
 0.144068007452243 -8.88293936574295e-05 -8.11983175691751e-05 -0.045747115247067 -2.5284e-12 -2.31012e-12 0.00030968234090163 0.001792180238885 0.00018599679
 0.144254004243602 -8.88293936574295e-05 -8.11983175691751e-05 -0.0915835629240959 -5.0514e-12 -4.61643e-12 0.00030968009374236 0.001792180238885 0.00037199358
 0.144625997826319 -8.88252905883653e-05 -8.11983175691751e-05 -0.183255110571464 -1.009731e-11 -9.22902e-12 0.00030967109935617 0.001792180238885 0.00074398717
 0.145369984991755 -8.8821187329761e-05 -8.1193828870337e-05 -0.36658741989569 -2.018856e-11 -1.845363e-11 0.00030963511186275 0.001792180238885 0.00148797433
 0.146857959322626 -8.87719334328147e-05 -8.11579103422044e-05 -0.733165738233423 -4.036629e-11 -3.689853e-11 0.00030949116678177 0.001792180238891 0.00297594866
 0.149833907984368 -8.86404559067189e-05 -8.10320701131368e-05 -1.46563207779285 -8.068377e-11 -7.375359e-11 0.0003089157925251 0.001792180239249 0.00595189732
 0.155785805307853 -8.80753489360286e-05 -8.05086366291983e-05 -2.92504777189776 -1.6101492e-10 -1.4718606e-10 0.0003066214223958 0.001792180241187 0.007961641
 0.163747446305715 -8.67200381833222e-05 -7.92631240554889e-05 -4.85648994631505 -2.673273e-10 -2.4436851e-10 0.00030120671473158 0.001792180243929 0.00859964984
 0.172347096148718 -8.44890880319027e-05 -7.72275900839699e-05 -6.90032707760777 -3.7982301e-10 -3.4720332e-10 0.00029244693527571 0.001792180247138 0.00912159827
 0.181468694414976 -8.13149367673585e-05 -7.43420675442709e-05 -9.0002695672285 -4.9539711e-10 -4.5285216e-10 0.00028004265159375 0.001792180250276 0.00957146247
 0.191040156881767 -7.71095158472793e-05 -7.04608998612799e-05 -11.1060720345449 -6.1127025e-10 -5.5877442e-10 0.00026386677068877 0.001792180252708 0.00997634843
 0.201016505309587 -7.17830217010417e-05 -6.56240438087537e-05 -13.1699838678502 -7.2479028e-10 -6.6254565e-10 0.00024394287539553 0.001792180253836 0.01035610737
 0.211372612681274 -6.53569163343833e-05 -5.97580565432611e-05 -15.1453215386231 -8.3335074e-10 -7.6178334e-10 0.00022041669146115 0.001792180253213 0.01072761523
 0.22210022791007 -5.7804952629786e-05 -5.28581738221926e-05 -16.9857496306183 -9.3434937e-10 -8.5410864e-10 0.00019351909299903 0.001792180250607 0.01110747534
 0.233207703248663 -4.91346547976105e-05 -4.49185561571809e-05 -18.6447122982803 -1.02515589e-09 -9.371172e-10 0.00016352177755692 0.001792180245975 0.01151462874
 0.244722331992369 -3.93570204404112e-05 -3.60005075325635e-05 -20.0746755177488 -1.10307096e-09 -1.00834149e-09 0.00013068747833856 0.001792180239326 0.01197422879
 0.256696560782845 -2.85344385506489e-05 -2.61064939334372e-05 -21.2258172918171 -1.16525607e-09 -1.06518678e-09 9.521491050507e-05 0.001792180230385 0.01252537574
 0.269221936526889 -1.67086796351457e-05 -1.52727672833316e-05 -22.0434810429245 -1.20859542e-09 -1.10480487e-09 5.717239932114e-05 0.001792180218725 0.01307954519
 0.282301481716369 -3.91248236030638e-06 -3.52019892386405e-06 -22.460268794572 -1.22929077e-09 -1.12372371e-09 1.689081509913e-05 0.001792180208239 0.0127582289
 0.295059710615906 8.4949405215305e-06 7.87140408808164e-06 -22.4291134884932 -1.22489925e-09 -1.11971022e-09 -2.255905253652e-05 0.001792180196543 0.01271409432
 0.307773804935408 2.07732093791016e-05 1.899526447096e-05 -21.968558973979 -1.19645958e-09 -1.09371372e-09 -6.16689993177e-05 0.001792180182207 0.01286384507
 0.320637650004353 3.27564365317381e-05 3.11129923831975e-05 -21.0747900391183 -1.14380859e-09 -1.15807872e-09 -0.00010063653862443 0.001792180166347 0.01293278127
 0.333570431273874 4.41575163411128e-05 4.26801437221767e-05 -19.7593103997596 -1.06773129e-09 -1.08511248e-09 -0.00013870770143958 0.001792180150897 0.01294446059
 0.346514891868083 5.46681872759583e-05 5.33728043833626e-05 -18.0490825094005 -9.6989193e-10 -9.900339e-10 -0.00017507508655443 0.001792180138612 0.0129329156
 0.359447807472656 6.40785418847743e-05 6.29770202358304e-05 -15.9800112870702 -8.5245069e-10 -8.7494214e-10 -0.0002089015087635 0.00179218013506 0.01203148089
 0.371479288361952 7.16356283618718e-05 7.07808733661959e-05 -13.7668583072761 -7.276095e-10 -7.5187779e-10 -0.00023733553633839 0.001792180136734 0.01126041036
 0.382739698718772 7.75948269308102e-05 7.69675876653984e-05 -11.4778099360736 -5.9914539e-10 -6.2469108e-10 -0.0002605922176542 0.001792180141173 0.01060550556
 0.393345204279402 8.2104442341378e-05 8.16861070496042e-05 -9.16082669680909 -4.6968465e-10 -4.960743e-10 -0.0002789455084446 0.001792180146662 0.00999174553
 0.40333694980751 8.53474773163775e-05 8.51379723845762e-05 -6.86343888378808 -3.4181721e-10 -3.6867255e-10 -0.00029263340575158 0.001792180151997 0.00936819294
 0.412705142742619 8.74232530181457e-05 8.74232530181457e-05 -4.6335200155811 -2.1813654e-10 -2.45133e-10 -0.00030197193619767 0.001792180156438 0.00868636287
 0.421391505615425 8.85293698638877e-05 8.87226521928401e-05 -2.5213163477171 -1.0135176e-10 -1.282221e-10 -0.00030740968129614 0.001792180157109 0.00665850999
 0.429263858339443 8.89728818680883e-05 8.90179303946243e-05 -0.88555026882369 -3.794319e-11 -1.095405e-11 -0.00030940308098787 0.001792180157126 0.00349001926
 0.431540034868358 8.90056466940445e-05 8.89769781311539e-05 -0.025708733114197 9.48849e-12 3.648183e-11 -0.0003096828558456 0.001792180157126 1e-07
 0.431540134868358 8.90056466940445e-05 8.89769781311539e-05 -0.025684089318549 9.48987e-12 3.648321e-11 -0.00030968285629773 0.001792180157126 1e-07
 0.431540234868358 8.90056466940445e-05 8.89769781311539e-05 -0.0256594455324917 9.49122e-12 3.648456e-11 -0.00030968285674941 0.001792180157126 2e-07
 0.431540434868358 8.90056466940445e-05 8.89769781311539e-05 -0.0256101580034873 9.49392e-12 3.648726e-11 -0.00030968285765151 0.001792180157126 4e-07
 0.431540834868358 8.90056466940445e-05 8.89769781311539e-05 -0.0255115828619467 9.49938e-12 3.649272e-11 -0.00030968285945049 0.001792180157126 8e-07
 0.431541634868358 8.90056466940445e-05 8.89769781311539e-05 -0.0253144326001142 9.51024e-12 3.650358e-11 -0.00030968286302766 0.001792180157126 1.6e-06
 0.431543234868358 8.90056466940445e-05 8.89769781311539e-05 -0.0249201320906555 9.53199e-12 3.652533e-11 -0.00030968287009869 0.001792180157126 3.2e-06
 0.431546434868358 8.90056466940445e-05 8.89769781311539e-05 -0.0241315310562518 9.57549e-12 3.65688e-11 -0.00030968288390781 0.001792180157126 6.4e-06
 0.431552834868358 8.90056466940445e-05 8.89769781311539e-05 -0.0225543288688658 9.66249e-12 3.665577e-11 -0.00030968291019396 0.001792180157126 1.28e-05
 0.431565634868358 8.90056466940445e-05 8.89769781311539e-05 -0.0193999241804912 9.83646e-12 3.682968e-11 -0.00030968295743805 0.001792180157127 2.56e-05
 0.431591234868358 8.90056466940445e-05 8.89769781311539e-05 -0.0130911138050048 1.01844e-11 3.71775e-11 -0.00030968303061348 0.001792180157127 5.12e-05
 0.431642434868358 8.90056466940445e-05 8.89728818680883e-05 -0.000473489655633655 1.088031e-11 3.787317e-11 -0.00030968309171313 0.001792180157127 2.52867e-06
 0.431644963534309 8.90056466940445e-05 8.89728818680883e-05 0.000149671171307089 1.091469e-11 3.790752e-11 -0.00030968309178516 0.001792180157127 3.6398e-07
 0.431645327516741 8.90056466940445e-05 8.89728818680883e-05 0.000149671171307089 1.091961e-11 3.791247e-11 4.536702e-11 0.001792180157127 3.6398e-07
 0.431645691499173 8.90056466940445e-05 8.89728818680883e-05 0.000149671171307089 1.092456e-11 3.791742e-11 4.537533e-11 0.001792180157127 3.636e-07
 0.431646055100651 8.90056466940445e-05 0.000178587733832942 0.000149671171307089 1.092951e-11 -0.00030968309176323 4.538364e-11 0.001792180157127 3.636e-07
 0.431646418702128 0.000178614262471655 0.000178587733832942 0.000149671171307089 -0.00030968309175579 1.09383e-11 4.539195e-11 0.001792180157127 7.272e-07
 0.431647145905083 0.000357825895772927 0.000178587733832942 0.000149671171307089 -0.00030968309172147 1.095813e-11 4.540857e-11 0.001792180157127 1.45441e-06
 0.431648600310994 0.000716244853077024 0.000178587733832942 0.000149671171307089 -0.00030968309158404 1.099779e-11 4.544181e-11 0.001792180157127 2.90881e-06
 0.431651509122815 0.00143308672298511 0.000178587733832942 0.000149671171307089 -0.00030968309103402 1.107711e-11 4.550829e-11 0.001792180157127 5.81762e-06
 0.431657326746456 0.00286677027656201 0.000178587733832942 0.000149668736184271 -0.00030968308883331 1.123575e-11 4.564125e-11 0.001792180157127 1.163525e-05
 0.431668961993739 0.0057341367200405 0.000178585693005197 0.000149668736184271 -0.0003096830800293 1.155306e-11 4.59072e-11 0.001792180157127 2.327049e-05
 0.431692232488305 0.011468869700203 0.000178585693005197 0.000149668736184271 -0.00030968304481074 1.218762e-11 4.643904e-11 0.001792180157127 4.654099e-05
 0.431738773477437 0.022938333338587 0.000178585693005197 0.000149668736184271 -0.00030968290393161 1.34568e-11 4.750269e-11 0.001792180157127 9.308198e-05
 0.431831855455701 0.0458772392831053 0.000178585693005197 0.000149661430578088 -0.00030968234040579 1.599513e-11 4.963002e-11 0.001792180157127 0.00018616396
 0.432018019412228 0.0917548822067393 0.000178575488516625 0.00014965412461527 -0.00030968008628988 2.107173e-11 5.388447e-11 0.001792180157127 0.00037232791
 0.432390347325284 0.183508815558716 0.000178563242360563 0.00014963951161952 -0.0003096710698983 3.122466e-11 6.239271e-11 0.001792180157127 0.00074465583
 0.433135003151395 0.367005862697278 0.000178542830233888 0.000149588354892714 -0.00030963500603178 5.152872e-11 7.940586e-11 0.001792180157128 0.00148931165
 0.434624314803616 0.733913405784155 0.000178461158380095 0.00014947867438117 -0.00030949077885108 9.212511e-11 1.1341497e-10 0.001792180157136 0.0029786233
 0.43760293810806 1.46703626046247 0.000178148418028879 0.000149127154655115 -0.00030891432445785 1.7323242e-10 1.8133233e-10 0.001792180157503 0.00595724661
 0.443560184716946 2.92774982294622 0.000176937250111896 0.000147949390417105 -0.00030661575338301 3.3479961e-10 3.1650762e-10 0.001792180159459 0.00796269098
 0.451522875694521 4.85940295562812 0.000174142618138737 0.000145379878541801 -0.00030119647681308 5.4838155e-10 4.9495614e-10 0.00179218016223 0.00860048127
 0.460123356964848 6.90336067919302 0.000169613260597244 0.000141345314973922 -0.00029243155737138 7.7427894e-10 6.8337618e-10 0.00179218016548 0.0091222987
 0.469245655662147 9.00334743809383 0.000163142271062747 0.000135680186404764 -0.00028002182761734 1.00623831e-09 8.764839e-10 0.001792180168671 0.00957208009
 0.478817735754668 11.1091232352119 0.000154587265741199 0.000128265106085089 -0.00026384043122793 1.23866352e-09 1.06955808e-09 0.00179218017117 0.00997691609
 0.488794651844941 13.1729397821 0.000143837423044694 0.000119005756461639 -0.0002439111519243 1.46621673e-09 1.25810439e-09 0.001792180172379 0.01035665108
 0.499151302921625 15.1481144926377 0.000130839244402194 0.000107886724310754 -0.00022037986855413 1.68365475e-09 1.43771694e-09 0.001792180171851 0.0107281588
 0.509879461719973 16.988312052139 0.000115594141490586 9.48880204817922e-05 -0.0001934775485571 1.88574507e-09 1.60400703e-09 0.001792180169357 0.01110804398
 0.520987505697092 18.6469758236872 9.81022700225224e-05 8.00364411392254e-05 -0.00016347591380988 2.06720094e-09 1.75254789e-09 0.001792180164855 0.01151525338
 0.532502759072873 20.076569591774 7.84078496632475e-05 6.33808341576268e-05 -0.00013063764579828 2.22259854e-09 1.87880364e-09 0.001792180158355 0.01197495359
 0.544477712661436 21.2272665953254 5.66071887130369e-05 4.49753176010915e-05 -9.516132225804e-05 2.34623496e-09 1.97800824e-09 0.001792180149584 0.01252627474
 0.557003987402238 22.0444002500657 3.27564365317381e-05 2.48769188956286e-05 -5.711501776341e-05 2.43184935e-09 2.04492789e-09 0.001792180138125 0.01307915811
 0.570083145510808 22.4605354257841 7.24450961835442e-06 3.41509458500638e-06 -1.68341180124e-05 2.47182291e-09 2.07324582e-09 0.001792180127851 0.01275768479
 0.582840830302703 22.4287676549496 -1.78885444834347e-05 -1.75802753718568e-05 2.261403255597e-05 2.46139632e-09 2.05941744e-09 0.001792180116162 0.01271436402
 0.595555194324364 21.9676026432546 -4.25432932096366e-05 -4.11320462413142e-05 6.172426253067e-05 2.40265002e-09 2.29482699e-09 0.001792180101833 0.01286399619
 0.608419190515063 21.0732261162796 -6.66162324425468e-05 -6.41410769624907e-05 0.00010069108642242 2.29526448e-09 2.19125067e-09 0.001792180085515 0.01293283081
 0.621352021323786 19.7571674392408 -8.54072414752757e-05 -8.59686895466521e-05 0.00013876042288683 1.74659175e-09 2.0427813e-09 0.001792180069076 0.01294445209
 0.634296473411253 18.0464065019499 -0.00010246350916504 -0.000106067417061318 0.00017512481755332 1.56060819e-09 1.8526749e-09 0.00179218005531 0.01293290039
 0.647229373805628 15.9768560163663 -0.00011742724640483 -0.00012507128272185 0.00020894705320668 1.3431096e-09 1.72998063e-09 0.001792180050294 0.0120303111
 0.659259684907885 13.7635376945307 -0.000129219142002933 -0.000140486631005648 0.00023737343839101 1.11622341e-09 1.4856936e-09 0.001792180050507 0.01125938948
 0.67051907438612 11.4744124795819 -0.000138197974775899 -0.000152687099155991 0.00026062274804337 8.8603593e-10 1.23333474e-09 0.001792180053488 0.01060458764
 0.68112366202343 9.15742306296828 -0.000144719040358766 -0.000162028153961925 0.00027896899682202 6.567036e-10 9.7822701e-10 0.001792180057532 0.00999084705
 0.691114509072176 6.86009908871068 -0.000149053817033847 -0.000168807696981591 0.00029265023986086 4.3238613e-10 7.2560367e-10 0.001792180061454 0.0093672465
 0.700481755573473 4.63031530381034 -0.000151472053604219 -0.000173311844356798 0.00030198266956923 2.1725859e-10 4.8070263e-10 0.001792180064538 0.00868528751
 0.709167043080835 2.51832476180839 -0.000152278374415398 -0.000175837993663461 0.00030741508652166 1.567485e-11 2.4899805e-10 0.001792180065314 0.00665617523
 0.717038039551967 0.883116756485511 -0.000151952521897094 -0.000176673392192947 0.00030940462209897 -1.3900833e-10 6.976926e-11 0.001792180065397 0.00347990889
 0.719303127207216 0.0257648814245627 -0.000151455209606689 -0.00017674351787234 0.00030968285875245 -2.1963294e-10 -2.414388e-11 0.001792180065397 1e-07
 0.719303227207216 0.025740237636654 -0.000151455209606689 -0.00017674351787234 0.00030968285920557 -2.1963525e-10 -2.414658e-11 0.001792180065397 1e-07
 0.719303327207216 0.0257155938441603 -0.000151455209606689 -0.00017674351787234 0.00030968285965827 -2.1963756e-10 -2.414928e-11 0.001792180065397 2e-07
 0.719303527207216 0.0256663063021486 -0.000151455209606689 -0.00017674351787234 0.00030968286056232 -2.1964218e-10 -2.415468e-11 0.001792180065397 4e-07
 0.719303927207216 0.0255677311631401 -0.000151455209606689 -0.00017674351787234 0.00030968286236526 -2.1965142e-10 -2.416548e-11 0.001792180065397 8e-07
 0.719304727207216 0.0253705809207444 -0.000151455209606689 -0.00017674351787234 0.00030968286595032 -2.1966993e-10 -2.418708e-11 0.001792180065397 1.6e-06
 0.719306327207216 0.0249762804072824 -0.000151455209606689 -0.00017674351787234 0.00030968287303719 -2.1970695e-10 -2.423025e-11 0.001792180065397 3.2e-06
 0.719309527207216 0.0241876793494477 -0.000151452803168404 -0.00017674351787234 0.0003096828868779 -2.1978096e-10 -2.431662e-11 0.001792180065397 6.4e-06
 0.719315927207216 0.0226104771751005 -0.000151452803168404 -0.00017674351787234 0.00030968291322726 -2.1992898e-10 -2.448936e-11 0.001792180065397 1.28e-05
 0.719328727207216 0.0194560724827341 -0.000151452803168404 -0.000176741455749496 0.00030968296059783 -2.2022499e-10 -2.483481e-11 0.001792180065398 2.56e-05
 0.719354327207216 0.0131472619321685 -0.000151450396691881 -0.000176741455749496 0.00030968303402616 -2.2081704e-10 -2.552571e-11 0.001792180065399 5.12e-05
 0.719405527207216 0.0005296377090235 -0.000151435957029676 -0.000176741455749496 0.00030968309563164 -2.2200108e-10 -2.690754e-11 0.001792180065399 3.04241e-06
 0.71940856961951 -0.000220124636355332 -0.000151435957029676 -0.000176741455749496 0.00030968309571447 -2.2207143e-10 -2.698965e-11 0.001792180065385 4.4088e-07
 0.719409010495268 -0.000220124636355332 -0.000260085854945623 -0.000176741455749496 -2.2208388e-10 0.00030968309570091 -2.700147e-11 0.001792180065385 3.6453e-07
 0.719409375021251 -0.000220124636355332 -0.000260085854945623 -0.000176741455749496 -2.2209615e-10 -8.335869e-11 -2.701131e-11 0.001792180065385 3.6453e-07
 0.719409739547234 -0.000220124636355332 -0.000260085854945623 -0.000176741455749496 -2.2210839e-10 -8.337318e-11 -2.702112e-11 0.001792180065385 7.2905e-07
 0.719410468599199 -0.000220124636355332 -0.000260085854945623 -0.000356403204317327 -2.221329e-10 -8.340213e-11 0.00030968309564442 0.001792180065385 1.4581e-06
 0.719411926703131 -0.000220124636355332 -0.000260085854945623 -0.000715734798833577 -2.2218192e-10 -8.346003e-11 0.0003096830955069 0.001792180065385 2.91621e-06
 0.719414842910995 -0.000220124636355332 -0.000260085854945623 -0.00143440045417543 -2.2227993e-10 -8.357586e-11 0.00030968309495526 0.001792180065385 5.83242e-06
 0.719420675326722 -0.000220122980629303 -0.000260085854945623 -0.00287172905512828 -2.2247598e-10 -8.380749e-11 0.00030968309274573 0.001792180065385 1.166483e-05
 0.719432340158177 -0.000220122980629303 -0.000260085854945623 -0.00574638636718928 -2.2286808e-10 -8.427078e-11 0.00030968308390167 0.001792180065385 2.332966e-05
 0.719455669821086 -0.00022011966913988 -0.000260081650937698 -0.0114957009630924 -2.2365228e-10 -8.519733e-11 0.00030968304851334 0.001792180065385 4.665933e-05
 0.719502329146904 -0.00022010973437269 -0.000260080249586622 -0.0229943272875953 -2.2522059e-10 -8.70504e-11 0.00030968290693602 0.001792180065385 9.331865e-05
 0.71959564779854 -0.000220091519468122 -0.000260073242717978 -0.0459915586752383 -2.2835709e-10 -9.075651e-11 0.00030968234057913 0.001792180065385 0.0001866373
 0.719782285101813 -0.000220060053809056 -0.00026005502397596 -0.0919858510514467 -2.3462931e-10 -9.816843e-11 0.00030968007506241 0.001792180065386 0.00037327461
 0.720155559708358 -0.000219988825435671 -0.000260028394287614 -0.183973073079478 -2.4717075e-10 -1.1299101e-10 0.0003096710129154 0.001792180065386 0.00074654921
 0.720902108921449 -0.000219834694438196 -0.000259951292969756 -0.367936614915575 -2.7224088e-10 -1.4263014e-10 0.00030963476573889 0.001792180065387 0.00149309843
 0.72239520734763 -0.00021947961631728 -0.00025974510984638 -0.73577648602643 -3.2232411e-10 -2.0187741e-10 0.0003094898049954 0.001792180065397 0.00298619685
 0.725381404199991 -0.000218594399555914 -0.000259125576133445 -1.4707587061449 -4.2221508e-10 -3.2019186e-10 0.00030891041976201 0.001792180065778 0.0059723937
 0.731353797904715 -0.000216117752014377 -0.000257042590408478 -2.93514873994418 -6.2051685e-10 -5.5565217e-10 0.00030660019666356 0.001792180067756 0.00796556328
 0.739319361181699 -0.000211356835096352 -0.000252538105006657 -4.86737858921057 -8.806665e-10 -8.6577063e-10 0.00030116840722593 0.00179218007056 0.00860275613
 0.747922117313153 -0.000204385636218211 -0.000245480338775406 -6.91166579667866 -1.15394574e-09 -1.19313321e-09 0.0002923894137663 0.001792180073854 0.00912421539
 0.757046332706498 -0.000194989639571303 -0.000235593574053999 -9.01177315757852 -1.43240535e-09 -1.52855898e-09 0.00027996477403917 0.001792180077101 0.0095737704
 0.766620103105272 -0.000183014501402797 -0.00022266148251579 -11.1174753828533 -1.70897064e-09 -1.86384408e-09 0.00026376827937429 0.001792180079669 0.00997846982
 0.776598572926431 -0.000168368838815571 -0.00020654617970099 -13.1810305268215 -1.97694339e-09 -2.19117321e-09 0.00024382426314306 0.001792180080961 0.01035813942
 0.786956712343604 -0.000151011779342618 -0.000187177094105669 -15.1557585816149 -2.22979455e-09 -2.50289082e-09 0.00022027902285003 0.001792180080533 0.01072964695
 0.797686359291788 -0.000130958970069315 -0.000164548120660744 -16.9953245029714 -2.46105555e-09 -2.79137019e-09 0.00019336378094196 0.001792180078155 0.01110960095
 0.808795960241162 -0.00010827452224782 -0.000138695522264196 -18.6531694789916 -2.66423238e-09 -3.04891863e-09 0.0001633503253677 0.001792180073789 0.0115169639
 0.820312924143186 -8.30445749143378e-05 -0.000109719048873279 -20.0817512831992 -2.83269525e-09 -3.26765415e-09 0.00013050119540265 0.001792180067446 0.01197693874
 0.83228986288108 -5.54098438656082e-05 -7.77074737265292e-05 -21.2312300877623 -2.95949124e-09 -3.43929426e-09 9.501459185838e-05 0.001792180058855 0.01252873751
 0.844818600390481 -2.54848215645923e-05 -4.27910125009108e-05 -22.0469118583654 -3.03697602e-09 -3.55474098e-09 5.695790198553e-05 0.001792180047616 0.01307809733
 0.85789669771692 6.21556596528333e-06 -5.33181471192651e-06 -22.4612603908961 -3.05615163e-09 -3.6030159e-09 1.667888430819e-05 0.001792180037577 0.01275619413
 0.870652891844672 3.71268847227046e-05 3.10308844373419e-05 -22.4278160356602 -3.01376334e-09 -3.57808353e-09 -2.276455790697e-05 0.001792180026731 0.01271510148
 0.883367993323978 6.71828183875833e-05 6.68129020821926e-05 -21.9649795869547 -2.91230241e-09 -3.48293652e-09 -6.187555572294e-05 0.0017921800136 0.01286440904
 0.89623240236178 9.62191914597928e-05 0.000101681537966661 -21.0689397866802 -2.75152893e-09 -3.31716126e-09 -0.0001008404125203 0.001792179997288 0.01293296583
 0.909165368193052 0.000129269901330035 0.000134663679529095 -19.7512961684655 -3.09411585e-09 -3.08302833e-09 -0.00013890474000876 0.001792179980865 0.01294442854
 0.922109796735768 0.000159724141684368 0.000164946328579964 -18.0390762942436 -2.80800873e-09 -2.78640456e-09 -0.00017526093846993 0.001792179967604 0.01293285889
 0.935042655629724 0.000186900392127729 0.000191854165848921 -15.9682141360009 -2.46515415e-09 -2.43348132e-09 -0.00020907170316378 0.001792179963133 0.01202710996
 0.947069765589437 0.000208789118902703 0.000213395594883134 -13.7544436992192 -2.10126225e-09 -2.06079858e-09 -0.00023747716430559 0.001792179963907 0.0112565952
 0.958326360793718 0.000225953417410817 0.000230162870554879 -11.4651086297631 -1.72713711e-09 -1.67908644e-09 -0.00026070629027499 0.001792179967465 0.01060207449
 0.968928435285758 0.000238949875412908 0.000242730114939559 -9.14810286374427 -1.35036999e-09 -1.29584739e-09 -0.00027903325787868 0.001792179972099 0.00998838661
 0.978916821893839 0.000248217710700251 0.000251538872220526 -6.85095426839019 -9.784623e-10 -9.1852155e-10 -0.00029269628252859 0.001792179976612 0.00936465423
 0.988281476119232 0.000254176602210792 0.000257031246832731 -4.62154097584677 -6.1892769e-10 -5.5456554e-10 -0.00030201201116523 0.001792179980277 0.00868234142
 0.996963817535492 0.000257280689966542 0.000259681959836164 -2.51013472162795 -2.7961743e-10 -2.1176736e-10 -0.00030742984454835 0.00179217998152 0.00664976965
 1.00483109700447 0.000258069944117184 0.000260104071528116 -0.876458151525255 -1.784517e-11 5.225769e-11 -0.00030940881049863 0.001792179981853 0.0034517153
 1.00706530248818 0.000257931504418557 0.000259771768574743 -0.026049074136831 1.1816049e-10 1.8928494e-10 -0.00030968285751132 0.001792179981853 3.06613e-06
 1.00706836862143 0.000257931504418557 0.000259771768574743 -0.0252934629148761 1.1828127e-10 1.8940656e-10 -0.00030968287136067 0.001792179981854 3.06613e-06
 1.00707143475467 0.000257930091385594 0.000259771768574743 -0.0245378517793564 1.1840202e-10 1.8952818e-10 -0.00030968288480241 0.001792179981854 6.13227e-06
 1.00707756702116 0.000257930091385594 0.000259771768574743 -0.0230266292629419 1.1864355e-10 1.8977145e-10 -0.00030968291046291 0.001792179981855 1.226453e-05
 1.00708983155413 0.000257930091385594 0.000259767559483729 -0.020004183877582 1.1912661e-10 1.9025796e-10 -0.00030968295689223 0.001792179981858 2.452907e-05
 1.00711436062008 0.00025792867834489 0.000259766156438236 -0.013959292177813 1.2009273e-10 1.9123095e-10 -0.00030968303018394 0.001792179981862 4.905813e-05
 1.00716341875197 0.000257920199938096 0.000259761947256285 -0.00186950618622218 1.2202494e-10 1.931769e-10 -0.00030968309849964 0.001792179981863 8.78412e-06
 1.00717220287005 0.000257920199938096 0.000259756334907583 0.000295236605777446 1.223709e-10 1.9352535e-10 -0.00030968309971623 0.001792179981839 5.1388e-07
 1.00717271674718 0.000257920199938096 0.000259756334907583 0.000295232902303707 1.2239103e-10 1.9354572e-10 4.1871573e-10 0.001792179981839 3.6329e-07
 1.00717308003393 0.000257920199938096 0.000259756334907583 0.000295232902303707 1.2240534e-10 1.9356012e-10 4.1873211e-10 0.001792179981839 3.6329e-07
 1.00717344332068 0.000347450210889349 0.000259756334907583 0.000295232902303707 -0.00030968309966058 1.2241971e-10 4.1874846e-10 0.001792179981839 7.2657e-07
 1.00717416989418 0.0005265042859904 0.000259756334907583 0.000295232902303707 -0.00030968309960472 1.2244851e-10 4.1878122e-10 0.001792179981839 1.45315e-06
 1.00717562304117 0.000884614976809533 0.000259754931801461 0.000295232902303707 -0.0003096830994243 1.2250617e-10 4.1884674e-10 0.001792179981839 2.90629e-06
 1.00717852933516 0.0016008362873572 0.000259754931801461 0.000295232902303707 -0.00030968309878884 1.2262143e-10 4.1897778e-10 0.001792179981839 5.81259e-06
 1.00718434192313 0.00303327885943471 0.000259754931801461 0.00029522919878351 -0.00030968309641911 1.2285201e-10 4.1923983e-10 0.001792179981839 1.162518e-05
 1.00719596709908 0.00589816372843023 0.000259754931801461 0.000295226729744234 -0.00030968308728465 1.2331311e-10 4.197639e-10 0.001792179981839 2.325035e-05
 1.00721921745099 0.0116279330134425 0.000259747916157159 0.000295215618811952 -0.0003096830514357 1.2423534e-10 4.2081207e-10 0.001792179981839 4.65007e-05
 1.00726571815479 0.0230874689775312 0.00025974510984638 0.000295203272841161 -0.00030968290941768 1.2607977e-10 4.2290829e-10 0.001792179981839 9.300141e-05
 1.00735871956239 0.0460065197431431 0.000259738093936783 0.000295172405654995 -0.0003096823441017 1.2976854e-10 4.2710043e-10 0.001792179981839 0.00018600282
 1.00754472237761 0.0918444520019749 0.000259717045070837 0.000295105721514254 -0.00030968008835574 1.3714566e-10 4.3548336e-10 0.00179217998184 0.00037200563
 1.00791672800803 0.183518965442158 0.000259676345758706 0.000294973543594117 -0.00030967107650511 1.5189816e-10 4.5224367e-10 0.00179217998184 0.00074401126
 1.00866073926888 0.366857192294623 0.000259579483810453 0.000294699116193113 -0.00030963505292082 1.8139521e-10 4.8574122e-10 0.001792179981842 0.00148802252
 1.01014876179058 0.733447285257466 0.00025932803559529 0.000294081337889567 -0.00030949103103219 2.403507e-10 5.5263603e-10 0.001792179981849 0.00297604504
 1.01312480683398 1.46593689898341 0.000258618734063165 0.000292617761620379 -0.00030891548485626 3.5805186e-10 6.8596158e-10 0.001792179982221 0.00595209009
 1.01907689692077 2.92539777588725 0.00025636677411653 0.000288738370729129 -0.00030662069966343 5.9217198e-10 9.5025543e-10 0.001792179984201 0.00796177693
 1.02703867384771 4.85686733163724 0.000251631587289977 0.000281615913910258 -0.0003012054001899 9.0118119e-10 1.29719511e-09 0.001792179987018 0.00859975752
 1.03563843136746 6.90072015904193 0.000244346378104398 0.000271485252582107 -0.00029244495477387 1.22708781e-09 1.6606386e-09 0.001792179990339 0.00912168898
 1.04476012034628 9.00066846366905 0.000234220472166685 0.000258082654243941 -0.00028003996531698 1.56066807e-09 2.02977198e-09 0.00179217999363 0.00957154245
 1.05433166280087 11.1064675598546 0.000221051543640549 0.000241216364727466 -0.00026386336947969 1.89369003e-09 2.3949993e-09 0.001792179996259 0.00997642194
 1.06430808474477 13.1703671350002 0.000204713485899455 0.000220779327810435 -0.0002439387761298 2.21832825e-09 2.74726581e-09 0.00179217999763 0.01035617778
 1.07466426252135 15.1456837796452 0.00018513899916496 0.000196753614066822 -0.00022041193088508 2.52692217e-09 3.07777557e-09 0.001792179997297 0.01072768562
 1.08539194813936 16.9860820912519 0.000162329292554179 0.000169167874540493 -0.00019351371995331 2.81185116e-09 3.3778419e-09 0.001792179995031 0.01110754897
 1.0964994971122 18.645006119642 0.000136309982763571 0.000138118834157362 -0.00016351584407079 3.06543735e-09 3.63876879e-09 0.001792179990794 0.01151470963
 1.10801420673763 20.0749215554452 0.000107198752821012 0.000103753698515581 -0.00013068102977637 3.27982071e-09 3.85169883e-09 0.001792179984599 0.01197432264
 1.11998852937295 21.2260057829631 7.51126744173338e-05 6.62596559853897e-05 -9.520797446496e-05 3.44674692e-09 4.00735542e-09 0.00179217997618 0.01252549214
 1.13251402151365 22.0436009281838 4.01546002239208e-05 2.58257707864822e-05 -5.716497093348e-05 3.55715001e-09 4.09553772e-09 0.001792179965118 0.01307949515
 1.14559351665963 22.4603041948565 3.1945284701302e-06 -1.69684156130835e-05 -1.688347387317e-05 3.60015216e-09 4.10440707e-09 0.001792179955268 0.01275815853
 1.15835167518467 22.4290695749194 -3.36022573804707e-05 -5.8307177119584e-05 2.256617285253e-05 3.57011478e-09 4.03098612e-09 0.001792179944646 0.01271412933
 1.17106580451277 21.9684359901449 -6.92978148598975e-05 -9.83879207544178e-05 6.16761577887e-05 3.47004507e-09 3.87862722e-09 0.00179217993176 0.01286386471
 1.18392966922763 21.0745883390607 -0.000103995798410106 -0.000136974139279374 0.00010064360596005 3.2995506e-09 3.64707699e-09 0.001792179915465 0.01293278774
 1.19686245697242 19.7590336577091 -0.000136787754461402 -0.000180983903352009 0.00013871453362914 3.06137916e-09 4.11199929e-09 0.001792179899046 0.01294445952
 1.20980691649712 18.0487366683646 -0.000166831390243875 -0.000221356357243455 0.00017508153288306 2.76079431e-09 3.71367915e-09 0.001792179885796 0.01293291364
 1.22273983013419 15.9796033014808 -0.000193450865596757 -0.000257204182003232 0.00020890741429674 2.40443238e-09 3.24032517e-09 0.001792179881342 0.01203132939
 1.23477115951973 13.7664288241786 -0.000214704975848602 -0.000285875240248933 0.00023734045330875 2.02894239e-09 2.74071546e-09 0.001792179882164 0.01126027815
 1.24603143767035 11.4773704125096 -0.00023118512999136 -0.000308172078268465 0.00026059618098543 1.64509533e-09 2.22933192e-09 0.001792179885792 0.0106053867
 1.25663682436583 9.16038628243633 -0.000243461755240581 -0.000324841518873392 0.00027894856065375 1.26031359e-09 1.71617331e-09 0.001792179890513 0.00999162919
 1.26662845355527 6.86300664516862 -0.000251989089631906 -0.000336491896714809 0.00029263559685645 8.8196304e-10 1.21114956e-09 0.001792179895125 0.00936807039
 1.27599652394281 4.63310518163591 -0.000257207016037335 -0.000343711498477452 0.00030197333766789 5.1742716e-10 7.2419226e-10 0.001792179898896 0.00868622364
 1.28468274757784 2.52092902835505 -0.00025960194777067 -0.000347135377360674 0.0003074103929817 1.7441256e-10 2.6566935e-10 0.001792179900227 0.00665820776
 1.29255492470449 0.885235125840879 -0.00025982367509081 -0.000347606472226096 0.00030940329226608 -8.976492e-11 -8.767038e-11 0.00179217990061 0.00348944058
 1.29483039592277 0.0255359159908998 -0.000259384246289697 -0.000347103878301822 0.00030968287097292 -2.2811241e-10 -2.727084e-10 0.00179217990061 1e-07
 1.29483049592277 0.025511272234224 -0.000259384246289697 -0.000347103878301822 0.00030968287142202 -2.2811637e-10 -2.7271368e-10 0.00179217990061 1e-07
 1.29483059592277 0.0254866284157743 -0.000259384246289697 -0.000347103878301822 0.00030968287187067 -2.2812033e-10 -2.7271899e-10 0.001792179900611 2e-07
 1.29483079592277 0.0254373408507523 -0.000259384246289697 -0.000347103878301822 0.00030968287276668 -2.2812825e-10 -2.7272961e-10 0.001792179900611 4e-07
 1.29483119592277 0.0253387657224835 -0.000259384246289697 -0.000347103878301822 0.00030968287455351 -2.2814412e-10 -2.7275079e-10 0.001792179900611 8e-07
 1.29483199592277 0.0251416155021467 -0.000259384246289697 -0.000347103878301822 0.00030968287810635 -2.281758e-10 -2.7279321e-10 0.001792179900611 1.6e-06
 1.29483359592277 0.0247473149746739 -0.000259384246289697 -0.000347103878301822 0.00030968288512875 -2.2823916e-10 -2.7287802e-10 0.001792179900611 3.2e-06
 1.29483679592277 0.0239587138262558 -0.000259384246289697 -0.000347102828283964 0.00030968289884055 -2.2836591e-10 -2.7304761e-10 0.001792179900612 6.4e-06
 1.29484319592277 0.0223815116136934 -0.000259380030910163 -0.000347102828283964 0.00030968292493209 -2.2861941e-10 -2.7338685e-10 0.001792179900613 1.28e-05
 1.29485599592277 0.0192271067834908 -0.000259378625768427 -0.000347098628180767 0.00030968297178696 -2.2912641e-10 -2.740653e-10 0.001792179900616 2.56e-05
 1.29488159592277 0.0129182960138242 -0.00025937722061908 -0.00034709652811011 0.00030968304418395 -2.3014035e-10 -2.7542217e-10 0.001792179900622 5.12e-05
 1.29493279592277 0.000300675030019105 -0.000259363168706909 -0.00034708182725972 0.00030968310372675 -2.3216823e-10 -2.7813585e-10 0.001792179900622 2.55064e-06
 1.29493534656347 -0.000327900213658864 -0.000259363168706909 -0.00034708182725972 0.00030968310372471 -2.3226924e-10 -2.2696119e-10 0.001792179900622 5.1707e-07
 1.29493586362931 -0.000327900213658864 -0.000386789615939979 -0.00034708182725972 -2.3229327e-10 0.00030968310369723 -2.2698858e-10 0.001792179900622 5.1707e-07
 1.29493638069516 -0.000327900213658864 -0.000386789615939979 -0.00034708182725972 -2.3231916e-10 -6.443802e-10 -2.27016e-10 0.001792179900622 1.03413e-06
 1.29493741482685 -0.000327900213658864 -0.00038678867365728 -0.000601931613208213 -2.3237094e-10 -6.4444128e-10 0.00030968310358374 0.001792179900622 2.06826e-06
 1.29493948309023 -0.000327900213658864 -0.00038678867365728 -0.00111163000865676 -2.324745e-10 -6.4456344e-10 0.00030968310327195 0.001792179900622 4.13653e-06
 1.294943619617 -0.000327899102145904 -0.000386785846795408 -0.00213102723050568 -2.3268162e-10 -6.4480776e-10 0.0003096831020919 0.001792179900622 8.27305e-06
 1.29495189267053 -0.000327899102145904 -0.000386783019912875 -0.00416982201091138 -2.3309586e-10 -6.452964e-10 0.00030968309750598 0.001792179900622 1.654611e-05
 1.29496843877759 -0.000327896879108679 -0.000386771712176129 -0.00824741091788227 -2.3392434e-10 -6.4627365e-10 0.00030968307943083 0.001792179900622 3.309221e-05
 1.29500153099172 -0.000327890209906574 -0.000386755692316468 -0.0164025882706321 -2.3558127e-10 -6.4822809e-10 0.0003096830076672 0.001792179900622 6.618443e-05
 1.29506771541996 -0.000327876871095399 -0.000386721765717143 -0.0327129351025811 -2.3889507e-10 -6.521367e-10 0.00030968272168683 0.001792179900622 0.00013236886
 1.29520008427646 -0.000327853526869986 -0.000386652960974481 -0.0653335678638893 -2.4552225e-10 -6.5995287e-10 0.00030968157991533 0.001792179900622 0.00026473771
 1.29546482198946 -0.000327797938689578 -0.000386512485883593 -0.130574346665235 -2.5877508e-10 -6.7558098e-10 0.0003096770171541 0.001792179900622 0.00052947543
 1.29599429741545 -0.000327684509561183 -0.00038622005853892 -0.261052012439651 -2.8527396e-10 -7.0681983e-10 0.00030965877515652 0.001792179900623 0.00105895085
 1.29705324826744 -0.000327419688778576 -0.000385599568174483 -0.521976220075566 -3.3824166e-10 -7.6922424e-10 0.00030958583162541 0.001792179900628 0.0021179017
 1.2991711499714 -0.000326762274797474 -0.000384196243536642 -1.04357571413456 -4.4403159e-10 -8.9371008e-10 0.00030929420817516 0.001792179900691 0.00423580341
 1.30340695337934 -0.000324909952263322 -0.00038076581722506 -2.08478452137891 -6.5482788e-10 -1.14115287e-09 0.00030812964025644 0.00179217990226 0.00760350338
 1.31101045676016 -0.000319810889917218 -0.000372535010111087 -3.94091323086828 -1.02933447e-09 -1.57873086e-09 0.00030411449407656 0.001792179904748 0.00832139151
 1.31933184827365 -0.000311660126645231 -0.000360528099850615 -5.94014115984176 -1.43082381e-09 -2.04481035e-09 0.00029695794799509 0.001792179907937 0.00889005332
 1.32822190159129 -0.000300058623475403 -0.000344352430652437 -8.02049707255608 -1.84637406e-09 -2.52364779e-09 0.00028627348972161 0.001792179911376 0.00936936354
 1.33759126513619 -0.000284719110431753 -0.000323740114186833 -10.1296196027396 -2.26507674e-09 -3.00200472e-09 0.00027185633445561 0.001792179914464 0.00979237785
 1.34738364298569 -0.000265445352747532 -0.000298507154715943 -12.2188528422938 -2.67681393e-09 -3.46768629e-09 0.00025366308128688 0.001792179916574 0.01018160846
 1.35756525144931 -0.000242133276753262 -0.0002685901873167 -14.2411321005989 -3.0718098e-09 -3.90900036e-09 0.00023178677454174 0.001792179917178 0.01055492598
 1.36812017743029 -0.00021475080383785 -0.000234014980067583 -16.1500309536908 -3.44042154e-09 -4.31450091e-09 0.00020642382350679 0.001792179915945 0.01092875795
 1.37904893538188 -0.000183344784519753 -0.000194886809253473 -17.8991716180199 -3.7730082e-09 -4.67282325e-09 0.00017783284918599 0.001792179912757 0.01132059141
 1.39036952679136 -0.000148018350717355 -0.000151385407365684 -19.4415938293166 -4.0597947e-09 -4.97251167e-09 0.00014628724231074 0.001792179907633 0.01175205397
 1.40212158076426 -0.00010891889927964 -0.000103743159617128 -20.7287576684761 -4.29066372e-09 -5.20175688e-09 0.00011202277331112 0.001792179899722 0.0122543615
 1.41437594226536 -5.73491903074607e-05 -6.10731687366643e-05 -21.708698115929 -5.35756347e-09 -4.4451189e-09 7.517797606854e-05 0.001792179889097 0.01288057073
 1.42725651299659 -1.4787793334711e-06 -1.50806493553339e-05 -22.3222135186315 -5.41607724e-09 -4.52012967e-09 3.571348325628e-05 0.001792179878116 0.01292197246
 1.44017848545788 5.34819513365886e-05 3.14044826579384e-05 -22.4975282658956 -5.36524398e-09 -4.50396564e-09 -4.21465729074e-06 0.00179217986763 0.01261413555
 1.45279262100971 0.000106643129679401 8.98614507206645e-05 -22.2402348114259 -5.21077359e-09 -5.75544123e-09 -4.315690255272e-05 0.001792179854915 0.01280348479
 1.46559610580094 0.00015850095620015 0.000147416326660112 -21.5509784930659 -4.95114066e-09 -5.52309252e-09 -8.227984796679e-05 0.001792179839413 0.01290916708
 1.47850527288553 0.000207591686817809 0.000202473999765074 -20.4322940098518 -4.58969637e-09 -5.1776409e-09 -0.00012087294429693 0.001792179823351 0.01294404287
 1.49144931575485 0.000252592940912918 0.000253569335604107 -18.9045804977666 -4.1341203e-09 -4.72616637e-09 -0.0001581486021156 0.00179217982206 0.00855068425
