# Created by Octave 2.1.71, Mon Apr 24 16:05:57 2006 BST <martin@penpen>
# name: inelastic
# type: matrix
# rows: 246
# columns: 9
 0 22.5 0 0 0 0 0 0.001792180283989 0.01
 0.01 22.3669041876396 0 0 3.090504569778e-05 0 0 0.001792180271849 0.01274075415
 0.022740754152219 21.8143914097889 0 0 7.000521433614e-05 0 0 0.001792180257381 0.01288481769
 0.035625571840536 20.8292203991775 0 0 0.00010884753965187 0 0 0.001792180241697 0.01293900128
 0.048564573118594 19.4269925698428 0 0 0.00014662471487643 0 0 0.001792180226947 0.01294270542
 0.061507278536464 17.6371482044782 0 0 0.00018252178584471 0 0 0.001792180217032 0.01273953927
 0.074246817810919 15.5306882313384 0 0 0.00021522971283672 0 0 0.001792180215048 0.0118570295
 0.086103847315236 13.297850515175 0 0 0.00024256148940444 0 0 0.001792180217665 0.01111829127
 0.097222138584804 10.9991415492675 0 0 0.0002647844749236 0 0 0.001792180222623 0.01047704312
 0.107699181701598 8.68230954510381 0 0 0.00028215158411169 0 0 0.001792180228322 0.00986502532
 0.117564207021664 6.39492494381556 0 0 0.00029490981198855 0 0 0.001792180233657 0.00923372188
 0.126797928902821 4.1850835688733 0 0 0.00030339948327072 0 0 0.001792180236522 0.00767407363
 0.135330143711138 2.3145772380698 0 0 0.00030776775257463 0 0 0.001792180238346 0.00649421294
 0.142240539069123 0.718187825981514 0 0 0.00030949892935212 0 0 0.001792180238893 0.00277046043
 0.143736675907568 0.0355647509393005 0 0 0.00030968263647522 0 0 0.001792180238909 8.170058e-05
 0.14381837648259 0.0154306407174186 0 0 0.00030968300301207 0 0 0.001792180238921 6.297517e-05
 0.143881351652072 -8.88293936574295e-05 0 0 0.00030968308800987 0 0 0.001621923109874 3.5033e-07
 0.143881701985719 -9.315136092546e-05 -8.20067253615817e-05 0 1.548415439913e-05 0.00029419893361041 0 0.001468264986834 3.5033e-07
 0.143882052319366 -9.72515268336281e-05 -8.63282953885145e-05 0 1.474865706162e-05 1.544544400872e-05 0 0.001329584778192 4.2371e-07
 0.143882476025738 -0.000102010767429996 -9.12939165876832e-05 0 1.40830319724e-05 1.47136241568e-05 0 0.001204430143339 4.2371e-07
 0.14388289973211 -0.000106759265212649 -9.62457028196558e-05 -8.50523118614431e-05 1.408303196562e-05 1.471362415071e-05 0.00025223881069683 0.001204430143339 8.4741e-07
 0.143883747144853 -0.000116251244293143 -0.000106170451846221 -0.000255145508174563 1.408303195119e-05 1.471362413763e-05 0.00025223881067259 0.001204430143339 1.69483e-06
 0.14388544197034 -0.000135244321188387 -0.000126011899834645 -0.000595341083582619 1.408303191864e-05 1.471362410757e-05 0.00025223881055142 0.001204430143339 3.38965e-06
 0.143888831621313 -0.000173236121910385 -0.0001657024867333 -0.00127572868367039 1.408303183878e-05 1.471362403203e-05 0.00025223881001826 0.001204418470177 6.7793e-06
 0.14389561092326 -0.000245954983982398 -0.000241503273695725 -0.00263650568897067 1.347898147065e-05 1.405123951473e-05 0.00025223880778872 0.001204418470177 1.35586e-05
 0.143909169527154 -0.000391385148960722 -0.000393113397868416 -0.0053580602310557 1.347898081068e-05 1.405123885755e-05 0.00025223879867667 0.001204418470177 2.711721e-05
 0.143936286734942 -0.000682249553815865 -0.000696326082528707 -0.0108011683952722 1.347897858714e-05 1.405123660122e-05 0.00025223876184078 0.001204418470177 5.423442e-05
 0.143990521150517 -0.00126397980511666 -0.00130275479567874 -0.0216873814996572 1.347897052572e-05 1.405122832065e-05 0.00025223861372175 0.001204418470177 0.00010846883
 0.144098989981668 -0.00242743973613153 -0.00251561025556625 -0.0434597805044761 1.347893994537e-05 1.40511966879e-05 0.00025223801969514 0.001204418470177 0.00021693766
 0.144315927643969 -0.00475434715875185 -0.00494130819271504 -0.0870043610994396 1.347882095514e-05 1.405107313611e-05 0.00025223564049492 0.001204418470177 0.00043387532
 0.144749802968572 -0.00940806738696709 -0.00979260527401046 -0.174091780504044 1.347835165929e-05 1.405058489046e-05 0.00025222611762114 0.001204418470177 0.00086775065
 0.145617553617779 -0.01871475556684 -0.0194944164042863 -0.348252680068269 1.347648785304e-05 1.404864387981e-05 0.00025218801581652 0.001204418470178 0.0017355013
 0.147353054916191 -0.037322143290789 -0.0388917998029331 -0.696462951145667 1.346906012946e-05 1.404090455964e-05 0.00025203561735792 0.001204418470187 0.0034710026
 0.150824057513017 -0.0744891344076697 -0.077636769874043 -1.3919914739044 1.343941615599e-05 1.401000914604e-05 0.00025142651060529 0.00120441847072 0.00694200519
 0.157766062706667 -0.148441747777658 -0.154729215016907 -2.77592153274102 1.332116435073e-05 1.388674956321e-05 0.00024899853556983 0.001204418472068 0.00818199693
 0.165948059634559 -0.234455564235717 -0.244395062580574 -4.38558677949719 1.308173834118e-05 1.363717100136e-05 0.00024410041241706 0.001204418473888 0.00876389296
 0.174711952593561 -0.324454363437713 -0.338215227266009 -6.06988749727879 1.270736681853e-05 1.324691601663e-05 0.00023649228713382 0.001204418475983 0.00925343147
 0.183965384064998 -0.416179728579598 -0.433835427021622 -7.78664294548901 1.218352977666e-05 1.270084830714e-05 0.00022594880769531 0.001204418478045 0.00968485792
 0.193650241985431 -0.507532456869433 -0.52906734997498 -9.49672815376988 1.149971454483e-05 1.198800960132e-05 0.00021235740640203 0.001204418479706 0.01008081632
 0.203731058308465 -0.596467230511178 -0.621778854511303 -11.1621335795962 1.06489923024e-05 1.110117809361e-05 0.00019570440524007 0.001204418480591 0.01045864172
 0.21418970003048 -0.680944782852606 -0.709844105297411 -12.7450966948156 9.62772173667e-06 1.0036559355e-05 0.00017605791422679 0.001204418480364 0.0108337511
 0.225023451127804 -0.758906127889517 -0.791116709239092 -14.2076372634303 8.43526742469e-06 8.7934925229e-06 0.00015354600544167 0.001204418478755 0.01122211174
 0.236245562870785 -0.828250642770518 -0.863406867882984 -15.5111513827151 7.07365681956e-06 7.37409243387e-06 0.00012833020548834 0.001204418475525 0.01164299395
 0.247888556815825 -0.886804336970557 -0.924448299843529 -16.6158067973494 5.54707414191e-06 5.78272170645e-06 0.0001005744795708 0.001204418470365 0.01212346162
 0.260012018440126 -0.93225997451277 -0.971835821504686 -17.4793993730106 3.86097799167e-06 4.02507056958e-06 7.040809377087e-05 0.001204418462634 0.01270787987
 0.272719898313933 -0.962050205681079 -1.0028930941076 -18.0549572717015 2.02028927988e-06 2.10626757135e-06 3.787433232687e-05 0.001204418453817 0.01282021294
 0.285540111249863 -0.973004795917671 -1.01431517849356 -18.2830279607214 1.2337045128e-07 1.2884687997e-07 4.56184973973e-06 0.001204418445828 0.0124863328
 0.298026444046842 -0.965024856690709 -1.0059988580107 -18.1606107085109 -1.72682529642e-06 -1.79987225601e-06 -2.794291297629e-05 0.001204418437038 0.01258592161
 0.310612365655685 -0.938510152091706 -0.978360902260468 -17.6953595849852 -3.55866106704e-06 -3.70945972626e-06 -6.035842326114e-05 0.00120441842746 0.01272740568
 0.32333977133873 -0.893359431684533 -0.931295716470192 -16.8845497611277 -5.34147323562e-06 -5.56795334328e-06 -9.234325483242e-05 0.001204418417845 0.01283685068
 0.336176622019543 -0.830041146394547 -0.865291573948444 -15.7355472217187 -7.03327479606e-06 -7.33158587892e-06 -0.00012329427049539 0.001204418409443 0.01292831387
 0.349104935888146 -0.749504979585188 -0.781338411259794 -14.2644613706573 -8.59503886119e-06 -8.95967431308e-06 -0.00015256438640079 0.001204418404784 0.01270915689
 0.361814092780908 -0.655511281300684 -0.68335611861448 -12.5391203449839 -9.96070093272e-06 -1.038334749243e-05 -0.00017886020193747 0.001204418404755 0.01181420771
 0.373628300493135 -0.556573593652316 -0.580219563535638 -10.71590017198 -1.105570056687e-05 -1.152487391361e-05 -0.00020053265338128 0.001204418407115 0.01106953767
 0.384697838162829 -0.455283894496352 -0.474630802921994 -8.84325255144081 -1.191209670336e-05 -1.241766965097e-05 -0.00021794007092466 0.001204418410526 0.01042761322
 0.395125451387075 -0.353646825500071 -0.368679619540767 -6.95887847071181 -1.255698091518e-05 -1.308997343496e-05 -0.00023139909690555 0.001204418414126 0.00981963453
 0.404945085919038 -0.253643630450291 -0.264431401368457 -5.10015878657456 -1.301284865949e-05 -1.356523350081e-05 -0.00024119057274789 0.001204418417364 0.00919757085
 0.414142656768965 -0.157259643610973 -0.163955801845375 -3.30468867817595 -1.330172955276e-05 -1.386641320989e-05 -0.00024763861455876 0.001204418419938 0.00851218269
 0.422654839462382 -0.0665966704186379 -0.0694438940396986 -1.61237675953696 -1.344736581813e-05 -1.401826189968e-05 -0.00025114856121735 0.001204418420969 0.00639587061
 0.430338301818448 0.00195482397567855 0.00201794706838943 -0.330660198240593 -1.347895486596e-05 -1.40512122966e-05 -0.00025219302188316 0.001204412112733 0.00156968533
 0.430620395407783 0.0208838373315077 0.0203036490967855 -0.0156028587728557 -1.515218100495e-05 -1.463721137589e-05 -0.00025223871219618 0.001204412112733 0.00016993099
 0.43079032639839 0.022932780403938 0.0222829554705055 0.0185065801398576 -1.515161229846e-05 -1.463665864752e-05 -0.00025223867071671 0.001204412112733 1.294598e-05
 0.430803272378962 0.0230888733118552 0.022433743296483 0.0211051640656948 -1.515156679194e-05 -1.463661443241e-05 -0.00025223862760806 0.001103263238068 4.42655e-06
 0.430807698928598 0.0231422452351396 0.0224853012880262 0.0211949088611543 -1.515155116131e-05 -1.463659924575e-05 -2.547731258256e-05 0.001012425106772 4.42655e-06
 0.430812125478232 0.0231956170996336 0.0225368592228443 0.0212846536478592 -1.515153549459e-05 -1.463658402426e-05 -2.547729821076e-05 0.000930852205773 4.62948e-06
 0.430816754957072 0.0232514356566302 0.0233409920759249 0.0213785125305469 -1.515151907106e-05 -0.00021827575689987 -2.547728311515e-05 0.0008576045218 4.62948e-06
 0.430821384435911 0.0240181527141778 0.0234342262923302 0.0214723714296243 -0.00020811952727394 -2.530771453476e-05 -2.547726795309e-05 0.0008576045218 9.25896e-06
 0.43083064339359 0.0255515866430357 0.0236206945228619 0.0216600889563953 -0.00020811948982182 -2.530768123611e-05 -2.547723742977e-05 0.0008576045218 1.851792e-05
 0.430849161308947 0.0286184537333434 0.0239936303335259 0.0220355233371968 -0.00020811940796613 -2.530761384705e-05 -2.547717558606e-05 0.0008576045218 3.703583e-05
 0.430886197139662 0.0347521840869996 0.0247394988865474 0.0227863894031188 -0.00020811921644892 -2.530747590201e-05 -2.547704871045e-05 0.0008576045218 7.407166e-05
 0.430960268801091 0.0470196264139809 0.0262312234267457 0.0242881099686164 -0.00020811872219157 -2.530718734437e-05 -2.547678220665e-05 0.0008576045218 0.00014814332
 0.43110841212395 0.0715544088846699 0.0292146191284345 0.0272915015148176 -0.00020811728878692 -2.530655955957e-05 -2.547619818918e-05 0.0008576045218 0.00029628665
 0.431404698769667 0.120623335909603 0.0351811688529009 0.033298058264711 -0.00020811264244353 -2.530510131789e-05 -2.54748261207e-05 0.0008576045218 0.00059257329
 0.431997272061102 0.218756806297685 0.0471130786803017 0.0453100420610352 -0.00020809623196092 -2.530137420516e-05 -2.547126590511e-05 0.000857604521801 0.00118514658
 0.433182418643972 0.414991557283857 0.0709703584646531 0.0693276970836013 -0.00020803494472587 -2.529067808571e-05 -2.546088175797e-05 0.000857604521803 0.00237029317
 0.435552711809712 0.80721509265487 0.11864450900325 0.117323411826699 -0.00020779857947535 -2.525632570293e-05 -2.542706585157e-05 0.000857604521843 0.00474058633
 0.440293298141191 1.58974166783309 0.213717330292535 0.213041847036539 -0.00020687183819574 -2.513587889628e-05 -2.530734094905e-05 0.000857604517867 0.00526375656
 0.445557054698208 2.45345143897276 0.31858888050786 0.318629741891255 -0.00020513822924556 -2.492225139852e-05 -2.509281827814e-05 0.000857604490098 0.00135372484
 0.446910779537538 2.67436011429343 0.345400630727469 0.345495285480324 -0.00020457355406622 -2.485366213572e-05 -2.490353624691e-05 0.000857604444012 0.00067686242
 0.447587641957202 2.78459427179698 0.358860392422072 0.358899579444502 -0.00020427311284224 -2.497007873217e-05 -2.486709839091e-05 0.000857604425542 0.00067686242
 0.448264504376867 2.89467346625601 0.372300175747128 0.372283892862469 -0.00020396063830614 -2.493225618177e-05 -2.482927496337e-05 0.000857604423151 0.00135372484
 0.449618229216196 3.11434249235544 0.399116815624933 0.39895204698638 -0.00020329970290242 -2.485244570085e-05 -2.471462494701e-05 0.000857604423154 0.00270744968
 0.452325678894855 3.55155233240896 0.452477513647828 0.452015916625955 -0.00020183473972134 -2.467622765757e-05 -2.453853840624e-05 0.000857604423229 0.00541489936
 0.457740578252173 4.41610236049862 0.557942702054983 0.556888945651126 -0.00019834011158505 -2.425798377144e-05 -2.412092614416e-05 0.000857604424663 0.00911062001
 0.466851198260958 5.83370481368497 0.730714555083536 0.728674031437602 -0.00019081120954206 -2.336009523843e-05 -2.322520238736e-05 0.000857604426206 0.00953708717
 0.476388285431832 7.25456255872765 0.903656669917287 0.900605381095536 -0.00018082705458414 -2.216807739504e-05 -2.203690858695e-05 0.000857604427659 0.00994202836
 0.486330313792922 8.65047262612163 1.07329151708905 1.06922257633679 -0.00016830339555588 -2.066509788501e-05 -2.053935312459e-05 0.000857604428766 0.01032435865
 0.496654672442426 9.99040884095082 1.23579347475299 1.23071957465866 -0.00015323586616869 -1.8842287941e-05 -1.872377056227e-05 0.000857604429258 0.01069926472
 0.507353937165771 11.2431023413673 1.38730150969428 1.3812555689506 -0.00013567444375428 -1.669665391203e-05 -1.658723966958e-05 0.000857604428865 0.01108149961
 0.51843543677254 12.3767230162517 1.52387917574214 1.51691516118223 -0.00011570886020859 -1.423059103842e-05 -1.413220057137e-05 0.000857604427313 0.01148799663
 0.529923433398718 13.3585179361884 1.6414702123685 1.63366414049205 -9.345047488035e-05 -1.145114895237e-05 -1.13657250585e-05 0.000857604424279 0.01194138493
 0.541864818330483 14.1541488035496 1.73581796282981 1.72726923219267 -6.900968719614e-05 -8.36877890679e-06 -8.29827195231e-06 0.00085760441927 0.01247678406
 0.554341602391768 14.7263068822677 1.80229601000742 1.79312944059252 -4.24646591973e-05 -4.99487581875e-06 -4.94124501468e-06 0.000857604411782 0.01302950777
 0.567371110165418 15.0300629328901 1.83537789435632 1.82575097191683 -1.408842143589e-05 -1.3721748585e-06 -1.3372367982e-06 0.000857604404784 0.01271789393
 0.580089004099498 15.0314423864749 1.8312223631042 1.82133715507479 1.382547420585e-05 2.19161922309e-06 2.20761808728e-06 0.000857604397872 0.01262801829
 0.592717022392556 14.7442853629863 1.79154738543757 1.78159753744105 4.133894744763e-05 5.68798902144e-06 5.68487050083e-06 0.000857604390607 0.0127674465
 0.605484468890753 14.167173749839 1.71620810485883 1.70638849953551 6.85267889274e-05 9.11121435258e-06 9.08882569953e-06 0.000857604383535 0.01289908055
 0.618383549439374 13.3025326856758 1.60563846163509 1.59614753717344 9.489918793065e-05 1.238707321233e-05 1.234565900697e-05 0.000857604377482 0.01302886956
 0.631412419000636 12.1591251806829 1.46106961404328 1.45210504271953 0.00011992606826709 1.544249041617e-05 1.538269931994e-05 0.000857604373729 0.01308044746
 0.644492866458157 10.7612404236349 1.28567060859571 1.27742009490461 0.00014289685912662 1.819063645212e-05 1.811362461459e-05 0.000857604373803 0.01209230525
 0.656585171711367 9.27073059837175 1.09969598470908 1.09225826605889 0.00016174142521788 2.039689670622e-05 2.03053716387e-05 0.000857604375691 0.01128327267
 0.667868444384966 7.7316800960382 0.908496508579986 0.901936523671808 0.00017687136136527 2.213006671395e-05 2.202645454647e-05 0.000857604378342 0.0106167851
 0.678485229485992 6.17434262628588 0.715717663715428 0.710076372159856 0.00018865046548689 2.344908197169e-05 2.333555360733e-05 0.000857604381151 0.01000748854
 0.688492718025207 4.62880733878448 0.524989440565089 0.520285010674289 0.0001973557922496 2.439884060544e-05 2.427738547308e-05 0.000857604383742 0.00940277713
 0.697895495156723 3.12509020310652 0.339926785092027 0.336154937685976 0.00020326608577329 2.502091335804e-05 2.489335631226e-05 0.000857604385906 0.00875756562
 0.706653060775746 1.694065053145 0.164239682780755 0.161373051963792 0.00020670224957532 2.535862357602e-05 2.522661649149e-05 0.000857604387006 0.00698801512
 0.71466377417505 0.54022839916135 0.0228750627832014 0.0207503064569238 0.00020797598123451 2.545860947085e-05 2.532393417558e-05 0.000857604387392 0.00348946169
 0.717130537578478 -0.0375674617216932 -0.0478185448172559 -0.0495678508289795 0.00020811911907297 2.545195622085e-05 2.5316247669e-05 0.000857604387393 7.93159e-06
 0.717138469172511 -0.0388810601805082 -0.0479791913725946 -0.0497276408313985 0.00020811906959328 2.545189814706e-05 2.531618747547e-05 0.000857604387393 7.93159e-06
 0.717146400766545 -0.0401946583724387 -0.0481398375736694 -0.049887430441415 0.00020811901841319 2.545183987848e-05 2.531612708823e-05 0.000857604387395 1.586319e-05
 0.717162263954612 -0.0428218538181516 -0.0484611288669584 -0.0502070085355287 0.00020811891095181 2.545172275701e-05 2.53160057325e-05 0.000857604387399 3.172638e-05
 0.717193990330747 -0.0480762406683559 -0.0491037069935242 -0.0508461601041389 0.00020811867562434 2.545148617683e-05 2.531576069631e-05 0.000857604387399 7.66877e-06
 0.717201659099888 -0.0493463086070554 -0.0492590274349197 -0.0510006522824892 0.00020811861465909 2.545142852397e-05 2.531570100201e-05 0.00079836756865 4.96247e-06
 0.717206621570653 -0.0494828842175461 -0.0500448221460161 -0.0511006241539515 3.458475054174e-05 0.00019898521558965 2.531566227732e-05 0.000744877275295 4.96247e-06
 0.717211584041419 -0.0496194596600912 -0.0501794173053829 -0.0512005959040192 3.458471292129e-05 3.408323745471e-05 2.531562347673e-05 0.000744877275295 1.15472e-06
 0.71721273876145 -0.0496512394641012 -0.0502107362786377 -0.0512238583631889 3.45847041525e-05 3.408322858752e-05 2.531561443731e-05 0.000696569444381 1.15472e-06
 0.717213893481482 -0.0496830192602971 -0.0502420552643472 -0.051247120795633 3.45846953781e-05 3.408321971478e-05 2.531560539378e-05 0.000696569444381 2.30944e-06
 0.717216202921544 -0.0497465788073208 -0.0503046932005899 -0.0512936456586556 3.458467781244e-05 3.408320195274e-05 2.531558729445e-05 0.00065295355134 4.61888e-06
 0.71722082180167 -0.0498736978010999 -0.0504299689907905 -0.0519340106734611 3.458464261374e-05 3.408316636224e-05 0.00017422101917976 0.00065295355134 9.23776e-06
 0.717230059561921 -0.0501279354565935 -0.0506805201945596 -0.053214740317858 3.458457194688e-05 3.408309491571e-05 0.00017422094144304 0.00065295355134 1.847552e-05
 0.717248535082423 -0.0506364091603612 -0.0511816209932285 -0.0557761979303837 3.458442953523e-05 3.408295096038e-05 0.0001742207802885 0.00065295355134 3.695104e-05
 0.717285486123426 -0.0516533502407074 -0.0521838162178596 -0.0608991060712815 3.458414040012e-05 3.408265880067e-05 0.00017422043525526 0.00065295355134 7.390208e-05
 0.717359388205434 -0.0536872065517185 -0.054188180480036 -0.0711448912334349 3.458354488299e-05 3.408205748535e-05 0.00017421965429223 0.00065295355134 0.00014780416
 0.71750719236945 -0.0577548108895049 -0.0581967998500929 -0.0916363130858286 3.45822848625e-05 3.408078687258e-05 0.00017421772878282 0.00065295355134 0.00029560833
 0.717802800697481 -0.0658895488259381 -0.066213564445968 -0.132618372615013 3.457948888884e-05 3.407797373076e-05 0.00017421242345925 0.00065295355026 0.00029560833
 0.718098409025512 -0.0740235870907854 -0.0742296259590043 -0.173599023905857 3.457632503058e-05 3.407479805964e-05 0.00017420517913446 0.000652953549735 0.00014780416
 0.718246213189527 -0.0780903168552419 -0.0782373664312247 -0.194088685478649 3.457460515524e-05 3.407307428616e-05 0.00017420082988059 0.000652953201207 0.00014780416
 0.718394017353543 -0.0821568393321964 -0.0822448992305739 -0.214577831803907 3.457279332192e-05 3.407125989357e-05 0.00017419599592095 0.000652953201207 0.00029560833
 0.718689625681574 -0.09028921917763 -0.090259299158017 -0.255554361167157 3.456889380111e-05 3.40673592708e-05 0.00017418487396119 0.000652949570052 0.00021940715
 0.718909032829292 -0.0961132777074809 -0.0961621683427669 -0.285966332244579 3.335520949974e-05 3.380659010835e-05 0.00017417536558092 0.000652947540532 0.00021940715
 0.719128439977011 -0.101936773996069 -0.102064474983948 -0.316376630488796 3.335188589202e-05 3.380326337736e-05 0.00017416478933235 0.000652947540532 0.0004388143
 0.719567254272449 -0.113581943602442 -0.113867262586948 -0.377191496919241 3.334465236648e-05 3.379601564148e-05 0.00017414043360114 0.000652947470681 0.00087762859
 0.720444882863324 -0.136864037255417 -0.137332964892385 -0.498793329370456 3.332784070218e-05 3.359071299303e-05 0.00017407891230894 0.000652947470682 0.00175525718
 0.722200140045073 -0.183387616958778 -0.184223613079936 -0.741845564607559 3.328484491539e-05 3.354754081173e-05 0.00017390466291309 0.00065294747069 0.00351051436
 0.725710654408573 -0.276211418236414 -0.277780475086311 -1.22702599682413 3.316142707653e-05 3.342347370879e-05 0.0001733517190785 0.000652947470966 0.00702102873
 0.732731683135572 -0.460479894165596 -0.46350693015621 -2.19115192687068 3.27656438631e-05 3.302521052328e-05 0.0001714330467804 0.000652947471773 0.00847880563
 0.741210488764789 -0.679232403409757 -0.68399518337395 -3.33745002144144 3.202611015183e-05 3.228060314316e-05 0.00016769337893499 0.000652947472825 0.00899891188
 0.75020940064151 -0.904875768660388 -0.911434956074352 -4.52199398018022 3.093523263675e-05 3.118190334507e-05 0.00016207202112447 0.000652947474035 0.00945135209
 0.759660752727017 -1.13224599292545 -1.14062216654732 -5.71806929216092 2.946204422793e-05 2.969788433133e-05 0.00015441970956153 0.000652947475267 0.00986073903
 0.769521491753183 -1.35634056237053 -1.36651532483304 -6.89977308530017 2.758475277198e-05 2.780656841346e-05 0.00014464700862708 0.000652947476342 0.0102452585
 0.779766750253307 -1.57218188537456 -1.58409791170383 -8.04131622555688 2.528995923387e-05 2.549443829205e-05 0.00013271772839136 0.000652947477054 0.01061973117
 0.790386481424462 -1.77473841353667 -1.78829888846479 -9.11662287096768 2.257213919772e-05 2.275591371774e-05 0.00011864198335497 0.000652947477172 0.01099821645
 0.801384697870735 -1.9588780469172 -1.97394574527948 -10.099095209881 1.943308477374e-05 1.959278816586e-05 0.00010246747229232 0.000652947476444 0.01139630898
 0.812781006848157 -2.11932013666995 -2.13571613949298 -10.9613675974209 1.588110698859e-05 1.601342396472e-05 8.426838743154e-05 0.000652947474572 0.01183417368
 0.824615180531477 -2.25055250961124 -2.26805428993033 -11.6748765533963 1.192968630597e-05 1.203139103115e-05 6.413100197082e-05 0.000652947471146 0.01234203912
 0.836957219648374 -2.34665732211342 -2.36499550498752 -12.2089594166194 7.59488391117e-06 7.66285634364e-06 4.213313792358e-05 0.000652947465478 0.01297265879
 0.849929878442289 -2.40091332371429 -2.41976541718016 -12.5288088126201 2.88965188755e-06 2.92084726614e-06 1.830849998457e-05 0.000652947459035 0.01301802901
 0.862947907455293 -2.40610014410004 -2.42508138768572 -12.5946848527447 -1.890867447e-06 -1.8972074997e-06 -5.91254913171e-06 0.000652947452977 0.01281882824
 0.875766735695023 -2.36288312831524 -2.38161055844022 -12.4085521842023 -6.56096700348e-06 -6.60414898449e-06 -2.966618323899e-05 0.000652947446768 0.0129395351
 0.888706270793256 -2.27150657742974 -2.28959954332733 -11.9717701447138 -1.114287691659e-05 -1.122238986837e-05 -5.313925947096e-05 0.000652947440902 0.01307021969
 0.901776490486774 -2.13238940873703 -2.14946878100335 -11.2855448355608 -1.554218971737e-05 -1.565678657505e-05 -7.591316741817e-05 0.00065294743605 0.01321248586
 0.914988976342647 -1.946867891854 -1.96256325038632 -10.3557421833045 -1.966315055385e-05 -1.981083104943e-05 -9.753447530664e-05 0.000652947433107 0.01335417392
 0.928343150267349 -1.71748963692632 -1.73144873515307 -9.19443144507958 -2.340633285042e-05 -2.358430595067e-05 -0.00011749243780644 0.000652947433439 0.01228358921
 0.94062673947686 -1.47357017377017 -1.48566470934272 -7.95070421147618 -2.64051137748e-05 -2.660759054685e-05 -0.00013376727854409 0.000652947435192 0.01142589374
 0.95205263321458 -1.22236642090069 -1.23252710827736 -6.66306306300088 -2.876209319328e-05 -2.898405675087e-05 -0.00014679808117341 0.000652947437506 0.01074147485
 0.962794108060326 -0.968473623736434 -0.976668939778921 -5.35611156095201 -3.056303628264e-05 -3.08001209334e-05 -0.00015695847276816 0.000652947439926 0.0101302061
 0.972924314158723 -0.716538492052846 -0.72277463858214 -4.05458024588805 -3.18695043939e-05 -3.211780688055e-05 -0.00016451199215631 0.00065294744218 0.00953520014
 0.982459514295144 -0.471188390635759 -0.475509021803602 -2.78309147884859 -3.2736369222e-05 -3.299239810929e-05 -0.00016970391386001 0.000652947444117 0.00891281055
 0.991372324842382 -0.237095927324985 -0.239582527541876 -1.56654926912255 -3.321956948511e-05 -3.348025531482e-05 -0.00017280128401197 0.000652947445247 0.00731410559
 0.999582638668781 -0.0431829360110574 -0.0441457629783314 -0.556405040361582 -3.337644909888e-05 -3.363907004775e-05 -0.00017404379680581 0.000652947445773 0.00454200095
 1.00322843137959 0.0774569722126045 0.0774441766884743 0.0731246363944544 -3.336453974178e-05 -3.362749937193e-05 -0.00017421949200915 0.000652947445773 1e-07
 1.00322853137959 0.0774596272743682 0.0774468526882349 0.0731385003477888 -3.336453855687e-05 -3.36274981872e-05 -0.00017421949083861 0.000652947445773 1e-07
 1.00322863137959 0.0774622823439337 0.0774495286896515 0.073152364309227 -3.336453737193e-05 -3.362749700241e-05 -0.00017421948966783 0.000652947445773 2e-07
 1.00322883137959 0.0774675924735382 0.0774548806692213 0.0731800922265131 -3.336453500193e-05 -3.362749463274e-05 -0.00017421948732561 0.000652947445773 4e-07
 1.00322923137959 0.0774782127416835 0.0774655846482497 0.0732355480387549 -3.336453026142e-05 -3.362748989286e-05 -0.00017421948263853 0.000652947445773 8e-07
 1.00323003137959 0.0774994532854857 0.0774869925917431 0.0733464597033463 -3.336452077848e-05 -3.362748041118e-05 -0.00017421947325372 0.000652947445773 1.6e-06
 1.00323163137959 0.0775419343467106 0.0775298084534474 0.0735682829989084 -3.336450180477e-05 -3.362746143996e-05 -0.0001742194544415 0.000652947445773 3.2e-06
 1.00323483137959 0.0776268963732239 0.0776154401087836 0.0740119295160695 -3.336446382615e-05 -3.362742346605e-05 -0.00017421941664663 0.000652947445774 6.4e-06
 1.00324123137959 0.0777968201564171 0.0777867031435361 0.0748992222704869 -3.336438774414e-05 -3.36273473925e-05 -0.00017421934037514 0.000652947445776 1.28e-05
 1.00325403137959 0.0781366665630631 0.0781292280385339 0.0766738066582486 -3.336423508107e-05 -3.362719474233e-05 -0.00017421918510546 0.000652947445776 7.96351e-06
 1.00326199489397 0.0783481010678039 0.0783423289506446 0.0777778628019881 -3.336413976603e-05 -3.362709943269e-05 -0.00017421908666985 0.000618330516916 5.03022e-06
 1.00326702511622 0.0784816551711805 0.078476935671451 0.0779442300830454 -3.3364079427e-05 -3.362703909576e-05 -4.156137398496e-05 0.000586723182928 2.95095e-06
 1.00326997606762 0.078560003825008 0.0785559018232204 0.0780418283946721 -3.336404398146e-05 -3.362700365121e-05 -4.156133874339e-05 0.000558117167178 9.7405e-07
 1.00327095011458 0.0785858650508803 0.0786754400807501 0.078074043525429 -3.336403227387e-05 -0.00015421849791795 -4.156132710123e-05 0.000532186952321 9.7405e-07
 1.00327192416153 0.0787007194393992 0.0787064027913453 0.0781062586491819 -0.00014817576277695 -3.994554393414e-05 -4.156131545424e-05 0.000532186952321 1.94809e-06
 1.00327387225544 0.0789304282133186 0.0787683281560643 0.0781706888710471 -0.00014817573851373 -3.994552045203e-05 -4.156129214589e-05 0.000532186952321 3.89619e-06
 1.00327776844325 0.0793898456386439 0.0788921787942148 0.0782995491938881 -0.0001481756897751 -3.99454734324e-05 -4.156124547147e-05 0.000532186952321 7.79238e-06
 1.00328556081888 0.0803086800454566 0.07913987964289 0.078557269414469 -0.00014817559144926 -3.994537917147e-05 -4.156115189205e-05 0.000532186952321 1.558475e-05
 1.00330114557012 0.0821463470786163 0.079635279588879 0.0790727080916799 -0.00014817539140326 -3.99451897632e-05 -4.156096381071e-05 0.000532186952321 3.11695e-05
 1.00333231507262 0.0858216738199494 0.0806260723956471 0.0801035784628887 -0.00014817497773401 -3.994480740081e-05 -4.156058395794e-05 0.000532186952321 6.2339e-05
 1.00339465407762 0.0931722964713247 0.0826076293369337 0.0821652907081345 -0.00014817409608684 -3.994402849287e-05 -4.155980949243e-05 0.000532186952321 0.00012467801
 1.00351933208762 0.107873406294424 0.0865706252563149 0.0862885978052757 -0.00014817211555971 -3.994241394549e-05 -4.155820152276e-05 0.000532185012577 0.00017297744
 1.0036923095249 0.128269284365311 0.0920685868686355 0.0920089639101041 -0.00014816888811105 -3.994004866566e-05 -4.155568118223e-05 0.000532177377556 0.00017297744
 1.00386528696217 0.148664696052679 0.0975662137356427 0.0974577950585588 -0.00014816510316264 -3.993753779961e-05 -3.958305126612e-05 0.000532173138246 0.00034595487
 1.00421124183673 0.189453823669358 0.108907593835143 0.1083543745085 -0.00014815586084295 -4.119326881509e-05 -3.957760138278e-05 0.000532173138246 0.00069190975
 1.00490315158585 0.271023219615429 0.131585437321425 0.130142647298409 -0.00014813068719834 -4.118052970461e-05 -3.956497061151e-05 0.000532173138247 0.0013838195
 1.00628697108408 0.434109967171179 0.176916840602412 0.173695212732956 -0.00014805359165568 -4.114784615955e-05 -3.953278786653e-05 0.000532173138251 0.002767639
 1.00905461008054 0.759942493804965 0.267445605017381 0.260668964170471 -0.00014779250607708 -4.105368811542e-05 -3.944076731211e-05 0.000532173138312 0.00553527799
 1.01458988807346 1.4091831476385 0.447672352857693 0.433807910272215 -0.00014684412491418 -4.075057115868e-05 -3.914645914176e-05 0.000532173138892 0.00829075311
 1.02288064118535 2.3710623557534 0.714292943030999 0.689917039827192 -0.00014437069429143 -4.001266765323e-05 -3.843297916245e-05 0.000532173139694 0.00883727862
 1.03171791980314 3.37437313088042 0.991871731141305 0.956517551344534 -0.00014037254028516 -3.885786757038e-05 -3.731880797307e-05 0.000532173140674 0.00930617898
 1.04102409878781 4.39617245328331 1.27396266673777 1.22741200891617 -0.00013469703996009 -3.724320544551e-05 -3.576276084564e-05 0.000532173141746 0.0097255139
 1.05074961269262 5.4145011845962 1.55440539546534 1.49667849916724 -0.00012724126112589 -3.513745099146e-05 -3.373491110508e-05 0.000532173142785 0.01011495681
 1.06086456950142 6.40759144073659 1.82710158583164 1.75845561272789 -0.0001179468837066 -3.252000160377e-05 -3.121553145393e-05 0.000532173143631 0.01048972334
 1.0713542928401 7.3534437148352 2.08589494846612 2.00682710043596 -0.00010679578454856 -2.938023164238e-05 -2.819447424258e-05 0.000532173144097 0.01086344632
 1.0822177391552 8.2296097633068 2.32450905753704 2.23576207673542 -9.380480406483e-05 -2.571689110596e-05 -2.467060002363e-05 0.000532173143964 0.01125038606
 1.09346812521173 9.01301998458459 2.53649803035068 2.43906756660182 -7.90190037198e-05 -2.153731410447e-05 -2.065102460658e-05 0.000532173142976 0.0116679585
 1.10513608370986 9.67972318985104 2.71517303899445 2.61031779324934 -6.250266413493e-05 -1.685613483123e-05 -1.614989415816e-05 0.000532173140806 0.01214083387
 1.1172769175749 10.2043541507365 2.85345239710106 2.74270994266114 -4.432636298025e-05 -1.169292628692e-05 -1.118612655075e-05 0.000532173136968 0.01270944755
 1.12998636512912 10.5589448242799 2.94352577188344 2.82874110710929 -2.454535040001e-05 -6.06730857678e-06 -5.77872362547e-06 0.000532173130697 0.0134100352
 1.14339640033307 10.7099243735235 2.97603331050382 2.85942024482175 -3.22030577373e-06 -6.06188556e-09 4.637331408e-08 0.000532173124881 0.01311832571
 1.1565147260449 10.6328794134497 2.94504715436393 2.82910353454865 1.770348387849e-05 5.92438288497e-06 5.74467279738e-06 0.000532173119095 0.01315437547
 1.16966910151783 10.334014797253 2.85227117379267 2.73942609777243 3.835740530253e-05 1.174795272603e-05 1.133911231752e-05 0.000532173113641 0.01327115973
 1.18294026124487 9.81389921281526 2.69803559994696 2.59071370904749 5.846760462765e-05 1.737506512473e-05 1.674354154032e-05 0.000532173109114 0.013409772
 1.19635003324432 9.07647830473616 2.48367872266043 2.38426355080304 7.763952448149e-05 2.26862139834e-05 2.184309874008e-05 0.000532173106243 0.01357612562
 1.20992615886767 8.12915857661786 2.21151783590114 2.12231353610257 9.545550258129e-05 2.756157993123e-05 2.652267564066e-05 0.000532173106383 0.01263687923
 1.22256303809623 7.08412408931784 1.91362706309838 1.8357233476135 0.00011023510207086 3.155022926136e-05 3.034961497806e-05 0.000532173107955 0.01170092121
 1.23426395930393 5.99394291495669 1.60460988480856 1.53852009469502 0.00012208627697055 3.470122505565e-05 3.337140630486e-05 0.000532173110078 0.01097507568
 1.24523903498043 4.88068492011883 1.29043262539926 1.23642543380788 0.00013138906130508 3.713406337806e-05 3.570304316688e-05 0.000532173112331 0.01035109135
 1.25559012632641 3.76512409619972 0.97674911959055 0.934864098434608 0.00013840162523946 3.89314583982e-05 3.742415469948e-05 0.000532173114474 0.00976191689
 1.26535204321706 2.6679660423141 0.669208155279979 0.639257208833856 0.00014334231088404 4.016231315283e-05 3.860108248095e-05 0.000532173116372 0.0091631418
 1.27451518501592 1.60979158550712 0.373419532542642 0.354988524380999 0.00014643465431616 4.089423836223e-05 3.929890860249e-05 0.000532173117961 0.0085098265
 1.28302501151616 0.61213552391774 0.0952459321673713 0.08768431536272 0.00014792865169377 4.119978268353e-05 3.958744859598e-05 0.000532173118658 0.00558053459
 1.28860554610194 -0.045574279958943 -0.0877810943757258 -0.0881727450323906 0.00014817852370635 4.120297289613e-05 3.958723990146e-05 0.000532173003263 0.00041195875
 1.28901750484732 -0.0941504834969566 -0.101287579006855 -0.101228947860266 0.00014817397565976 4.119700995759e-05 3.982347173373e-05 0.000532169181181 8.456994e-05
 1.28910207479086 -0.104122359092515 -0.104060040956054 -0.103965455732991 0.00014817265078311 4.119568044735e-05 4.066143507627e-05 0.000488694901192 2.47022e-06
 1.28910454500968 -0.104145339252559 -0.104151590224285 -0.1040453855295 1.169031520569e-05 4.657237458618e-05 4.066139574144e-05 0.000474576576842 2.47022e-06
 1.2891070152285 -0.104168319349841 -0.10424313940488 -0.1042471171459 1.169027590821e-05 4.657233514659e-05 0.00010262368838307 0.000474576576842 4.94044e-06
 1.28911195566613 -0.104214279303824 -0.10442623753898 -0.104650580168176 1.169019728721e-05 4.657225616346e-05 0.00010262360826744 0.000474576576842 9.88088e-06
 1.2891218365414 -0.104306198278904 -0.10479243289048 -0.105457505261023 1.169003994117e-05 4.657209778137e-05 0.00010262344710783 0.000474576576842 1.976175e-05
 1.28914159829194 -0.104490032526454 -0.105524819836563 -0.107071351696607 1.168972483296e-05 4.657177935393e-05 0.00010262312107497 0.000474576576842 3.95235e-05
 1.28918112179301 -0.104857686128211 -0.106989578676585 -0.110299029239509 1.168909295199e-05 4.657113584601e-05 0.00010262245415505 0.000474576576842 7.9047e-05
 1.28926016879517 -0.10559293355243 -0.109919035162882 -0.116754320902798 1.168782253221e-05 4.656982221846e-05 0.00010262106089874 0.000474576576842 0.000158094
 1.28941826279947 -0.107063187310539 -0.115777695525086 -0.129664633350034 1.168525506471e-05 4.656708852018e-05 0.00010261803672462 0.000474576576842 0.00031618801
 1.28973445080808 -0.110002714855798 -0.127493943532158 -0.155484037625074 1.168001364552e-05 4.65611953815e-05 0.00010261103776944 0.000474576576842 0.00063237602
 1.29036682682531 -0.115877725103204 -0.150921650597065 -0.207116865750905 1.166910509595e-05 4.654770640428e-05 0.00010259323780134 0.000474576576843 0.00126475203
 1.29163157885975 -0.127610567299086 -0.197753924759488 -0.310349819253241 1.164558704757e-05 4.651392017298e-05 0.00010254243353628 0.000474576576846 0.00252950407
 1.29416108292864 -0.150999562776522 -0.291294062025379 -0.516614699814459 1.159176376686e-05 4.64191407681e-05 0.00010238005395327 0.000474576576882 0.00505900814
 1.29922009106642 -0.197407270461174 -0.477622379457499 -0.92777948618308 1.145712446346e-05 4.612105908402e-05 0.00010181282079306 0.000474576577483 0.00854066178
 1.30776075284187 -0.274286194461412 -0.788514347217354 -1.61470485749543 1.114924991925e-05 4.529213999352e-05 0.00010012737841725 0.000474576578292 0.00904224273
 1.31680299556925 -0.353018287660999 -1.10999561925893 -2.32626031858854 1.071573273291e-05 4.397643868167e-05 9.736434595443e-05 0.000474576579269 0.00948181208
 1.32628480764867 -0.431800429729925 -1.43521582449486 -3.04748893614115 1.014696358488e-05 4.212733668618e-05 9.341992479393e-05 0.000474576580336 0.00988132895
 1.33616613659395 -0.508874635788011 -1.75742035735234 -3.76361476878815 9.43648736382e-06 3.971109796251e-05 8.822086020327e-05 0.000474576581382 0.01025751719
 1.34642365378226 -0.582490957321619 -2.06981016169623 -4.45973865491807 8.58078340542e-06 3.670578353616e-05 8.172171248085e-05 0.000474576582256 0.01062389721
 1.35704755099377 -0.650883003647548 -2.36544823887027 -5.12063535158824 7.57915841082e-06 3.310063813917e-05 7.390287030009e-05 0.000474576582776 0.0109931005
 1.36804065149462 -0.712254624845673 -2.63721009772948 -5.73064681605013 6.43363756446e-06 2.889549173751e-05 6.476830533834e-05 0.000474576582721 0.01137886601
 1.37941951750063 -0.764767370644563 -2.87773869844303 -6.27358521326191 5.14879705983e-06 2.409990737592e-05 5.43425187831e-05 0.00047457658182 0.01179855512
 1.39121807261698 -0.806518438951945 -3.07936550292659 -6.73256195132732 3.73145624733e-06 1.873171422471e-05 4.266597587058e-05 0.000474576579725 0.01227745772
 1.40349553033448 -0.8354925152625 -3.23393658606962 -7.08961036771468 2.1900644745e-06 1.281420974481e-05 2.978756966655e-05 0.000474576575925 0.01285798751
 1.41635351784254 -0.849450540729882 -3.33240917149611 -7.32481111665807 5.3336714532e-07 6.37022766561e-06 1.575024175995e-05 0.000474576569503 0.01362372663
 1.42997724447311 -0.845650856917705 -3.36384057109478 -7.41410497034944 -1.23293091471e-06 -5.9248631991e-07 5.5747677738e-07 0.000474576561851 0.01388790284
 1.44386514731471 -0.82218633991821 -3.31798621564514 -7.33381971421075 -3.00467007918e-06 -7.67561560788e-06 -1.493990821257e-05 0.000474576554417 0.01393210766
 1.45779725496992 -0.779324411058373 -3.19404724997111 -7.08138066221721 -4.71143415327e-06 -1.460277963501e-05 -3.015483364545e-05 0.000474576547874 0.01402867483
 1.47182592979969 -0.717632107698086 -2.99332484441637 -6.65920156912582 -6.31794022803e-06 -2.123385058011e-05 -4.479391613994e-05 0.000474576543034 0.01417033706
 1.48599626686133 -0.637935023441879 -2.71810038039836 -6.07181146169229 -7.78753481376e-06 -2.742134061369e-05 -5.85414214011e-05 0.000474576541692 0.01362135716
 1.49961762402008 -0.546655455434576 -2.39107396314361 -5.36785912834838 -9.02189420712e-06 -3.274552424586e-05 -7.046115919797e-05 0.000474576541733 0.00038237598
