2.675e-2        1e-1        20.827
2.015e-2        1e-2        5.528e-1
1.403e-2        1e-3        5.320e-2
9.206e-3        1e-4        5.239e-3
5.895e-3        1e-5        5.435e-4
3.7313e-3       1e-6        5.3682e-5
2.3577e-3       1e-7        5.3202e-6
1.4853e-3       1e-8        5.457e-7
9.3654e-4       1e-9        2.2039e-7
5.9071e-4       1e-10       4.3174e-8
3.7289e-4       1e-11       7.5118e-9
2.3549e-4       1e-12       1.0132e-8
1.4872e-4       1e-13       5.6968e-9
9.3851e-5       1e-14       3.1795e-10
5.9221e-5       1e-15       7.2192e-10
3.7380e-5       1e-16       1.7383e-10
